00000000
00000000
00000000
00000000
00000000
00000000
00000000
00000000

00000000
00000000
00000000
00000000
00001000
00000000
00000000
00000000

00000000
00000000
00000000
00000000
00000000
00000000
00000000
00000000

00000000
00000000
00000000
00000000
10001000
00000000
00000000
00000000

10000000
00000000
00000000
00000000
00000000
00000000
00000000
00000000

10000000
00000000
10000000
00000000
10001000
00000000
00000000
00000000

10000000
00000000
00000000
00000000
00000000
00000000
00000000
00000000

10100000
11000000
10000000
00000000
10000000
00000000
00000000
00000000

00000000
00000000
00000000
00000000
00000000
00000000
00000000
00000000

10000000
00000000
00000000
00000000
10001000
00000000
10000000
00000000

10000000
00000000
10000000
00000000
10000000
00000000
10000000
00000000

10000000
11000000
10100000
00000000
10000000
00000000
10000000
00000000

10000000
00000000
00000000
00000000
10000000
00000000
10000000
00000000

10000000
00000000
00000000
00000000
10001000
00000000
10100000
11110000

10000000
00000000
10100000
00000000
10001000
11000000
10100000
11000000

10000000
00000000
10100000
11000000
10101000
11000000
11101000
11110000

10000000
00000000
00000000
00000000
00000000
00000000
00000000
00000000

10001000
00000000
00100000
00000000
10001000
00000000
10100000
01000000

00000000
00000000
00000000
00000000
00000000
00000000
00000000
00000000

00000000
00000000
00000000
00000000
00000000
00000000
00000000
00000000

10001000
00000000
00000000
00000000
00000000
00000000
00000000
00000000

10001000
00000000
10100000
00000000
10001000
00000000
10100000
00000000

10101000
00000000
00000000
00000000
00000000
00000000
00000000
00000000

10101000
01000000
10100000
00000000
10001000
00000000
10100000
00000000

10001010
00000000
00000000
00000000
00001000
00000000
00000000
00000000

10001010
00000001
00000000
00000000
00000000
00000000
00000000
00000000

10101010
00000000
00000000
00000000
00001000
00000000
00000000
00000000

10101110
00000101
00000010
00000000
00000000
00000000
00000000
00000000

10001010
00000001
00000010
00000001
00001000
00000000
00000000
00000000

10001110
00000111
00000010
00000001
00001000
00000000
00000000
00000000

10101110
00011111
00001010
00000000
00001000
00000000
00000000
00000000

10101111
00011111
00101011
00000111
00001010
00000000
00000000
00000000

10000000
00000000
00000000
00000000
00000000
00000000
00000000
00000000

10000000
00000000
00000000
00000000
00001000
00000000
00000010
00000000

10000000
00000000
00000000
00000000
10001000
00000000
00000010
00000000

10101000
00000000
10101010
00000000
10101010
00000100
10101010
00000000

10000000
00000000
00000000
00000000
00001000
00000000
00000010
00000001

10000000
00000000
00000000
00000000
00001000
00000000
00101010
00010111

10001000
00000000
00000010
00000001
10001010
00000101
00001010
00000011

10000000
00000000
00000010
00000001
10001010
00001111
00101011
00011111

10001010
00000001
00000010
00000001
00001010
00000000
00000010
00000000

00001010
00000101
00000010
00000001
00001010
00000001
00000010
00000001

10101110
00001111
00101010
00000111
10001010
00000001
00000010
00000000

10101110
00011111
00101011
00000111
00001010
00000111
00000011
00000001

10001010
00000111
00001011
00000111
00001010
00000111
00001011
00000111

10001010
00000111
00101011
00010111
10101110
00011111
00101111
00011111

10101110
00011111
00101111
00011111
00001111
00001111
00001011
00000111

10101110
00011111
00101111
00011111
10101111
00011111
00101111
00011111

10001000
00000000
00100000
00000000
10001000
00000000
10101010
11010000

10000000
00000000
00000000
00000000
10001000
00000000
10101010
11111111

10001000
00000000
00100010
00000000
10001000
00000100
10101010
11111111

10000000
00000000
00000000
00000000
10001000
01000100
10101010
11111111

10001000
00000000
00000000
00000000
10101000
11000000
10101010
11111111

10001000
00000000
10100000
11000000
11101000
11110100
10101010
11111111

10000000
00000000
00000000
00000000
10101010
11111101
11111111
11111111

10001000
00000000
10100000
11010000
11101010
11111111
11111111
11111111

10000000
00000000
00000010
00000001
10001010
01011111
10111111
11111111

10000000
00000000
00100010
00010101
10101110
11111111
11111111
11111111

10001000
00000000
10101010
11110101
11101110
11111111
11111111
11111111

10000000
00000000
10101010
11111111
11111111
11111111
11111111
11111111

10001010
00000101
00101011
00011111
10101110
01111111
10111111
11111111

10101110
00011111
00101011
00011111
10101110
01011111
10101011
11111111

10001010
00000101
10101011
11111111
11101111
11111111
11111111
11111111

10101110
00011111
10111111
11111111
11101111
11111111
11111111
11111111

11101000
11000000
10100000
00000000
10001000
00000000
00000000
00000000

11101010
11110100
10101010
00000000
10001000
00000000
00000000
00000000

11101000
11000000
10100000
11000000
10101000
11000000
10100000
00000000

11101010
11111100
11101010
11110000
10101000
11000000
10100000
00000000

11111110
11111101
10101010
00000000
00001000
00000000
00000000
00000000

11111111
11111111
10101011
00000001
00001000
00000000
00000000
00000000

11111110
11111111
11111010
11110101
10101000
00000000
00000000
00000000

11111110
11111111
11111010
11111101
11101010
11000000
10100000
00000000

11111110
11111111
10111111
00011111
00001010
00000000
00000000
00000000

11111110
11111111
11111111
11111111
10101010
00000100
00000010
00000000

11101110
11111111
10101011
00011111
10101110
00000111
00101010
00000001

11111110
11111111
11111111
01111111
10101110
00001111
00101010
00000001

11111110
11111111
11111111
11111111
11101110
01010101
00000010
00000000

11111110
11111111
11111111
11111111
11101110
11111101
10101010
00000000

11111110
11111111
11111111
11111111
11111111
11111111
10101011
00000001

11111110
11111111
11111111
11111111
11101111
11111111
10101011
00010101

11101000
11000000
10100000
11000000
10101000
11000000
10100000
11000000

11101000
11000000
11101000
11110000
11101000
11110000
11101000
11110000

11101010
11111100
11101010
11110000
11101000
11000000
10100000
11000000

11101010
11111100
11111010
11110000
11101000
11110000
11101000
11110000

11101000
11110000
11101000
11110000
11101000
11111100
11111010
11111100

10101000
11010100
10101010
11110100
11101010
11111101
10111010
11111111

11111010
11111100
11111010
11111100
11101010
11111100
11111010
11111100

11101010
11111100
11111010
11111111
11101110
11111111
11111110
11111111

11111110
11111111
11111010
11111100
11101010
11110000
10101000
11110000

11111110
11111111
11111111
11111111
11101110
11111101
10101010
11110000

11111110
11111111
11111010
11111111
11101010
11111100
11111010
11111100

11111110
11111111
11111111
11111111
11101110
11111111
11111010
11111100

11101110
11111111
11111011
11111111
11101110
11111111
10101010
11111101

11111110
11111111
11111111
11111111
11111110
11111111
11111110
11111111

11101110
11111111
11111010
11111111
11101110
11111111
10111011
11111111

11111111
11111111
11111111
11111111
11111111
11111111
11111111
11111111

11111110
11111111
10111111
01111111
10101111
00011111
00001011
00000111

11111110
11111111
10111111
01111111
10101111
00011111
00101111
00011111

11111110
11111111
11111111
11111111
10101111
01011111
00101111
00011111

11111110
11111111
11111111
11111111
11111111
11111111
10101111
00011111

10111110
01111111
10111111
01111111
10101111
01111111
10111111
01111111

11111110
11111111
10111111
01111111
10101111
01111111
10111111
01111111

11111110
11111111
11111111
11111111
11111111
11111111
10111111
00111111

11111110
11111111
11111111
11111111
11111111
11111111
10111111
01111111

11111110
11111111
11111111
11111111
11111111
11111111
10111111
00011111

11111110
11111111
11111111
11111111
11111111
11111111
11111111
01111111

11101110
11111111
11111111
11111111
11111111
11111111
11111111
11111111

11111110
11111111
11111111
11111111
11111111
11111111
11111111
01111111

10101110
11111111
10111111
11111111
11101111
11111111
11111111
11111111

11101110
11111111
11111111
11111111
11101111
11111111
11111111
11111111

11101010
11111101
11111010
11111111
11101110
11111111
11111111
11111111

11111111
11111111
11111111
11111111
11111111
11111111
11111111
11111111

10101000
11010000
11101010
11111101
11101110
11111111
11111111
11111111

11101000
11111100
11111010
11111111
11101110
11111111
11111111
11111111

10101010
11111101
11111011
11111111
11111111
11111111
11111111
11111111

11101010
11111101
11111111
11111111
11111111
11111111
11111111
11111111

10101010
11111111
11111111
11111111
11111111
11111111
11111111
11111111

11101010
11111111
11111111
11111111
11111111
11111111
11111111
11111111

11111110
11111111
11111110
11111111
11111110
11111111
11111111
11111111

11111110
11111111
11111111
11111111
11111111
11111111
11111111
11111111

10101111
11111111
11111111
11111111
11111111
11111111
11111111
11111111

11111111
11111111
11111111
11111111
11111111
11111111
11111111
11111111

11111111
11111111
11111111
11111111
11101111
11111111
11111111
11111111

11111111
11111111
11111111
11111111
11111111
11111111
11111111
11111111

11111111
11111111
11111010
11111111
11101010
11111111
11111111
11111111

11111111
11111111
11111111
11111111
11111110
11111111
11111111
11111111

11111111
11111111
11111111
11111111
11111111
11111111
11111111
11111111

11111111
11111111
11111111
11111111
11111111
11111111
11111111
11111111

